#daq_ch	domain	det_def	clover	Time_Offset	theta	phi	threshold	cs_dom	enable	nb_par_cal	cal_pars1	cal_pars2
800	500	3	A1(LaBr)	0	37	0	25	600	1	2	3.07171714	162.4397787
801	501	3	A2(LaBr)	0	37	72	20	601	1	2	3.405028499	102.4160751
802	502	3	A3(LaBr)	0	37	144	10	602	1	2	2.849468371	165.621738
803	503	3	A4(LaBr)	0	37	216	22	603	1	2	2.671939846	-476.0657043
804	504	3	A5(LaBr)	0	37	288	15	604	1	2	2.530606637	-221.0362296
805	505	3	B1(LaBr)	0	70	36	15	605	1	2	3.433008719	-11.21088462
806	506	3	B2(LaBr)	0	70	108	15	606	1	2	3.03445548	237.9220746
807	507	3	B3(LaBr)	0	70	180	18	607	1	2	2.672070255	-425.5322775
808	508	3	B4(LaBr)	0	70	252	10	608	1	2	2.61764343	-416.0224264
809	509	3	B5(LaBr)	0	70	324	10	609	1	2	2.718973915	-294.3239719
810	510	3	C1(LaBr)	0	90	0	12	610	1	2	0.		0.
811	511	3	C2(LaBr)	0	90	0	14	611	1	2	0.		0.
812	512	3	C3(LaBr)	0	90	216	17	612	1	2	3.103876994	75.34950133
813	513	3	C4(LaBr)	0	90	144	16	613	1	2	3.694715055	-224.6097049
814	514	3	C5(LaBr)	0	90	0	20	614	1	2	0.		0.
900	515	3	-B1(LaBr)	0	110	36	14	615	1	2	2.514242509	-83.04562446
901	516	3	-B2(LaBr)	0	110	108	12	616	1	2	3.210143383	40.22266986
902	517	3	-B3(LaBr)	0	110	180	20	617	1	2	3.263589408	182.2036354
903	518	3	-B4(LaBr)	0	110	252	20	618	1	2	3.271974311	147.8190076
904	519	3	-B5(LaBr)	0	110	324	16	619	1	2	2.722972631	-317.081997
905	520	3	-A1(LaBr)	0	143	0	19	620	1	2	3.117409324	-1.370380302
906	521	3	-A2(LaBr)	0	143	288	14	621	1	2	2.745640032	-146.9432638
907	522	3	-A3(LaBr)	0	143	216	15	622	1	2	3.297400986	43.57193734
908	523	3	-A4(LaBr)	0	90	0	15	623	1	2	 0		   1
909	524	3	-A5(LaBr)	0	90	0	15	624	1	2	 0		  1
512	525	1	C2(HPGe)	0	90	288	15	525	1	2	 3.13427     3.04384   
513	526	1	C5(HPGe)	0	90	72	15	526	1	2	 4.08513     2.42089   
514	527	1	-A4(HPGe)	0	143	144	11	527	1	2	 4.93253     3.30693   
515	528	1	-A5(HPGe)	0	143	72	10	528	1	2	 -22.449     5.19403   
0	0	7	E-S		0	90	0	15	112	1	2	0	1
1	1	7	E-S		0	90	0	15	113	1	2	0	1
2	2	7	E-S		0	90	0	15	110	1	2	0	1
3	3	7	E-S		0	90	0	15	111	1	2	0	1
4	4	7	E-S		0	90	0	15	108	1	2	0	1
5	5	7	E-S		0	90	0	15	109	1	2	0	1
6	6	7	E-S		0	90	0	15	107	1	2	0	1
7	7	7	E-S		0	90	0	15	106	1	2	0	1
8	8	7	E-S		0	90	0	15	104	1	2	0	1
9	9	7	E-S		0	90	0	15	105	1	2	0	1
10	10	7	E-S		0	90	0	15	102	1	2	0	1
11	11	7	E-S		0	90	0	15	103	1	2	0	1
12	12	7	E-S		0	90	0	15	100	1	2	0	1
13	13	7	E-S		0	90	0	15	101	1	2	0	1
14	14	7	E-S		0	90	0	15	115	1	2	0	1
15	15	7	E-S		0	90	0	15	114	1	2	0	1
100	100	17	deE-S		0	90	0	15	100	1	2	0	1
101	101	17	deE-S		0	90	0	15	101	1	2	0	1
102	102	17	deE-S		0	90	0	15	102	1	2	0	1
103	103	17	deE-S		0	90	0	15	103	1	2	0	1
104	104	17	deE-S		0	90	0	15	104	1	2	0	1
105	105	17	deE-S		0	90	0	15	105	1	2	0	1
106	106	17	deE-S		0	90	0	15	106	1	2	0	1
107	107	17	deE-S		0	90	0	15	107	1	2	0	1
108	108	17	deE-S		0	90	0	15	108	1	2	0	1
109	109	17	deE-S		0	90	0	15	109	1	2	0	1
110	110	17	deE-S		0	90	0	15	110	1	2	0	1
111	111	17	deE-S		0	90	0	15	111	1	2	0	1
112	112	17	deE-S		0	90	0	15	112	1	2	0	1
113	113	17	deE-S		0	90	0	15	113	1	2	0	1
114	114	17	deE-S		0	90	0	15	114	1	2	0	1
115	115	17	deE-S		0	90	0	15	115	1	2	0	1
#				0								
200	200	17	dE-i		0	90	0	15	0	1	2	0	1
201	201	17	dE-i		0	90	0	15	0	1	2	0	1
202	202	17	dE-i		0	90	0	15	0	1	2	0	1
203	203	17	dE-i		0	90	0	15	0	1	2	0	1
204	204	17	dE-i		0	90	0	15	0	1	2	0	1
205	205	17	dE-i		0	90	0	15	0	1	2	0	1
206	206	17	dE-i		0	90	0	15	0	1	2	0	1
207	207	17	dE-i		0	90	0	15	0	1	2	0	1
208	208	17	dE-i		0	90	0	15	0	1	2	0	1
209	209	17	dE-i		0	90	0	15	0	1	2	0	1
210	210	17	dE-i		0	90	0	15	0	1	2	0	1
211	211	17	dE-i		0	90	0	15	0	1	2	0	1
212	212	17	dE-i		0	90	0	15	0	1	2	0	1
213	213	17	dE-i		0	90	0	15	0	1	2	0	1
214	214	17	dE-i		0	90	0	15	0	1	2	0	1
#			    	    0								
300	300	17	dE-M		0	90	0	15	0	1	2	0	1
301	301	17	dE-M		0	90	0	15	0	1	2	0	1
302	302	17	dE-M		0	90	0	15	0	1	2	0	1
303	303	17	dE-M		0	90	0	15	0	1	2	0	1
304	304	17	dE-M		0	90	0	15	0	1	2	0	1
305	305	17	dE-M		0	90	0	15	0	1	2	0	1
306	306	17	dE-M		0	90	0	15	0	1	2	0	1
307	307	17	dE-M		0	90	0	15	0	1	2	0	1
308	308	17	dE-M		0	90	0	15	0	1	2	0	1
309	309	17	dE-M		0	90	0	15	0	1	2	0	1
310	310	17	dE-M		0	90	0	15	0	1	2	0	1
311	311	17	dE-M		0	90	0	15	0	1	2	0	1
312	312	17	dE-M		0	90	0	15	0	1	2	0	1
313	313	17	dE-M		0	90	0	15	0	1	2	0	1
314	314	17	dE-M		0	90	0	15	0	1	2	0	1
#			    	    0								
400	400	17	dE-O		0	90	0	15	0	1	2	0	1
401	401	17	dE-O		0	90	0	15	0	1	2	0	1
402	402	17	dE-O		0	90	0	15	0	1	2	0	1
403	403	17	dE-O		0	90	0	15	0	1	2	0	1
404	404	17	dE-O		0	90	0	15	0	1	2	0	1
405	405	17	dE-O		0	90	0	15	0	1	2	0	1
406	406	17	dE-O		0	90	0	15	0	1	2	0	1
407	407	17	dE-O		0	90	0	15	0	1	2	0	1
408	408	17	dE-O		0	90	0	15	0	1	2	0	1
409	409	17	dE-O		0	90	0	15	0	1	2	0	1
410	410	17	dE-O		0	90	0	15	0	1	2	0	1
411	411	17	dE-O		0	90	0	15	0	1	2	0	1
412	412	17	dE-O		0	90	0	15	0	1	2	0	1
413	413	17	dE-O		0	90	0	15	0	1	2	0	1
414	414	17	dE-O		0	90	0	15	0	1	2	0	1
415	415	17	dE-O		0	90	0	15	0	1	2	0	1
#				0								
600	600	5	A1(BGO)	0	90	0	15	600	1	2	0	1       
601	601	5	A2(BGO)	0	90	0	15	601	1	2	0	1
602	602	5	A3(BGO3	0	90	0	15	602	1	2	0	1
603	603	5	A4(BGO)	0	90	0	15	603	1	2	0	1
604	604	5	A5(BGO)	0	90	0	15	604	1	2	0	1
605	605	5	B1(BGO)	0	90	0	15	605	1	2	0	1
606	606	5	B2(BGO)	0	90	0	15	606	1	2	0	1
607	607	5	B3(BGO)	0	90	0	15	607	1	2	0	1
608	608	5	B4(BGO)	0	90	0	15	608	1	2	0	1
609	609	5	B5(BGO)	0	90	0	15	609	1	2	0	1
610	610	5	C1(BGO)	0	90	0	15	610	1	2	0	1
611	611	5	C2(BGO)	0	90	0	15	611	1	2	0	1
612	612	5	C3(BGO)	0	90	0	15	612	1	2	0	1
613	613	5	C4(BGO)	0	90	0	15	613	1	2	0	1
614	614	5	C5(BGO)	0	90	0	15	614	1	2	0	1
700	615	5	-B1(BGO)	0	90	0	15	615	1	2	0	1
701	616	5	-B2(BGO)	0	90	0	15	616	1	2	0	1
702	617	5	-B3(BGO)	0	90	0	15	617	1	2	0	1
703	618	5	-B4(BGO)	0	90	0	15	618	1	2	0	1
704	619	5	-B5(BGO)	0	90	0	15	619	1	2	0	1
705	620	5	-A1(BGO)	0	90	0	15	620	1	2	0	1
706	621	5	-A2(BGO)	0	90	0	15	621	1	2	0	1
707	622	5	-A3(BGO)	0	90	0	15	622	1	2	0	1
708	623	5	-A4(BGO)	0	90	0	15	623	1	2	0	1
709	624	5	-A5(BGO)	0	90	0	15	624	1	2	0	1
#
#815	900	99	RF		0	00	0	20	0	1	2	 0		1
915	900	99	RF		0	00	0	20	0	1	2	 0		1	   	   
