#daq_ch domain det_def SerialN Time_Offset Theta Phi UpperThresholdCS AwAe offset and slope nb_par_cal cal_pars 
#eliade01
002  101 2  32 0 0 90  	 	25 	0  1 2    -0.7567  0.658152 
003  102 2  32 0 0 90 		10 	0  1 2     3.4713  0.632355 
004  103 2  32 0 0 90 		10	0  1 2     7.2920  0.641352 
005  104 2  32 0 0 90 		22	0  1 2     2.8158  0.636620 
006  105 2  32 0 0 90 		15    	0  1 2     5.3445  0.643701 
007  106 2  32 0 0 90 		15	0  1 2     5.7822  0.667863 
008  107 2  32 0 0 90 		15	0  1 2    -1.1790  0.640657 
009  108 2  32 0 0 90 		18	0  1 2     8.5423  0.654113 
000  109 1  32 0 0 90  		10 	0  1 2     2.2734  0.672792 
001  110 1  32 0 0 90  		10 	0  1 2    -0.0000  1.000000 	
#
102  111 2  32 28 90 0 		12	0  1 2   -0.8576  0.642105
103  112 2  32 28 90 0		14	0  1 2   -0.9491  0.649565
104  113 2  32 28 90 0		17	0  1 2    0.1623  0.634972
105  114 2  32 28 90 0		16	0  1 2    2.9389  0.665762
106  115 2  32 28 90 0		20	0  1 2    5.6092  0.670210
107  116 2  32 28 90 0		15	0  1 2   -0.9417  0.678714
108  117 2  32 28 90 0		14	0  1 2    4.4381  0.674144
109  118 2  32 28 90 0		12	0  1 2    7.0617  0.655329
100  119 1  32 28 90 0		20	0  1 2   -1.8868  0.662731
101  120 1  32 28 90 0		20	0  1 2   -0.0000  1.000000    
#
202  121 2  32 50 90 0		16	0  1 2    35.0346  3.426816 
203  122 2  32 50 90 0		19	0  1 2   -0.2848  0.618937 
204  123 2  32 50 90 0		14	0  1 2    1.2613  0.638607 
205  124 2  32 50 90 0		15	0  1 2    1.2089  0.626725 
206  125 2  32 50 90 0		15	0  1 2    0.6749  0.641927 
207  126 2  32 50 90 0		15	0  1 2    1.0571  0.660845 
208  127 2  32 50 90 0		15	0  1 2   -3.3034  0.645394 
209  128 2  32 50 90 0		15	0  1 2   -0.5681  0.644395 
200  129 1  32 50 90 0		11	0  1 2    4.7923  0.615042 
201  130 1  32 50 90 0		10	0  1 2    0.0000  1.000000
#
302  131 2  32 70 90 0		15	0  1 2   1.1384  0.643154
303  132 2  32 70 90 0		15	0  1 2   4.8169  0.630842
304  133 2  32 70 90 0		15	0  1 2   9.8679  0.611090
305  134 2  32 70 90 0		15	0  1 2   5.4910  0.675246
306  135 2  32 70 90 0		15	0  1 2   1.6089  0.671371
307  136 2  32 70 90 0		15	0  1 2   8.1167  0.650900
308  137 2  32 70 90 0		15	0  1 2  -2.6256  0.645142
309  138 2  32 70 90 0		15	0  1 2  -0.0393  0.646313
300  139 1  32 70 90 0		15	0  1 2   4.4778  0.661349
301  140 1  32 70 90 0		10	0  1 2 -0.0000  1.000000
#pulser1
015  50 9  32 0 0 0 			10	0  1 2 0.0000 1.000000
115  51 9  32 28 0 0		 	10	0  1 2 0.0000 1.000000
215  52 9  32 50 0 0 		 	10	0  1 2 0.0000 1.000000
315  53 9  32 70 0 0			10	0  1 2 0.0000 1.000000
#eliade02
402  201 2  29 84 90 0  		25 	0  1 2    1.8349  0.631827  
403  202 2  29 84 90 0 	 		10 	0  1 2    0.2689  0.634327  
404  203 2  29 84 90 0			10	0  1 2   -0.6541  0.642652  
405  204 2  29 84 90 0			22	0  1 2    3.6562  0.630790  
406  205 2  29 84 90 0		 	15    	0  1 2    2.0674  0.633128  
407  206 2  29 84 90 0		 	15	0  1 2    0.6061  0.663911  
408  207 2  29 84 90 0		 	15	0  1 2   -4.5140  0.647437  
409  208 2  29 84 90 0		 	18	0  1 2   -4.4537  0.640990  
400  209 1  29 84 90 0     		10 	0  1 2   -1.4648  0.634866  
401  210 1  29 84 90 0			10	0  1 2   -0.0000  1.000000	    
#
502  211 2  29 105 90 90		12	0  1 2   -1.8445  0.643274 
503  212 2  29 105 90 90		14	0  1 2   -2.5812  0.655512 
504  213 2  29 105 90 90		17	0  1 2   -1.0645  0.642637 
505  214 2  29 105 90 90		16	0  1 2    0.1364  0.639903 
506  215 2  29 105 90 90		20	0  1 2    2.6386  0.642146 
507  216 2  29 105 90 90		15	0  1 2    1.7831  0.650074 
508  217 2  29 105 90 90		14	0  1 2    3.0891  0.620567 
509  218 2  29 105 90 90		12	0  1 2    2.9074  0.658941 
500  219 1  29 105 90 90 		20	0  1 2    3.3206  0.481558 
501  220 1  29 105 90 90 		20	0  1 2   -0.0000  1.000000
#
602  221 2  29 126 90 90		16	0  1 2   -0.0420  0.644509  
603  222 2  29 126 90 90		19	0  1 2   -0.9763  0.628232  
604  223 2  29 126 90 90		14	0  1 2    2.4124  0.642784  
605  224 2  29 126 90 90		15	0  1 2   -2.8582  0.643003  
606  225 2  29 126 90 90		15	0  1 2    3.5123  0.623892  
607  226 2  29 126 90 90		15	0  1 2    6.4140  0.662177  
608  227 2  29 126 90 90		15	0  1 2    8.1202  0.647845  
609  228 2  29 126 90 90		15	0  1 2    3.5209  0.651330  
600  229 1  29 126 90 90		11	0  1 2    0.1684  0.632589  
601  230 1  29 126 90 90		500	0  1 2   -0.0000  1.000000
#
702  231 2  29 140 90 90		15	0  1 2    0.8231  0.640401
703  232 2  29 140 90 90		15	0  1 2   -1.5524  0.632649
704  233 2  29 140 90 90		15	0  1 2    6.2247  0.649749
705  234 2  29 140 90 90		15	0  1 2    2.2754  0.641016
706  235 2  29 140 90 90		15	0  1 2    2.3266  0.647120
707  236 2  29 140 90 90		15	0  1 2    0.0908  0.642025
708  237 2  29 140 90 90		15	0  1 2    5.0234  0.625456
709  238 2  29 140 90 90		15	0  1 2    0.9693  0.620849
700  239 1  29 140 90 90		15	0  1 2   -0.3668  0.634186
701  240 1  29 140 90 90 		10	0  1 2 -0.0000  1.000000
#pulser2
415  54 9  29 84 0 0 			10	0  1 2 -0.0000 1.000000
515  55 9  29 105 0 0		 	10	0  1 2 0.0000 1.000000
615  56 9  29 126 0 0		 	10	0  1 2 0.0000 1.000000
715  57 9  29 140 0 0 			10	0  1 2 0.0000 1.000000
#eliade03done 301-310
802  301 2  29 141 90 90  		25 	0  1 2   -4.0311  0.667198 
803  302 2  29 141 90 90  	 	10 	0  1 2   -0.7449  0.671727 
804  303 2  29 141 90 90		10	0  1 2   -0.7870  0.661471 
805  304 2  29 141 90 90		22	0  1 2    0.4239  0.663124 
806  305 2  29 141 90 90	 	15    	0  1 2    5.9546  0.639509 
807  306 2  29 141 90 90	 	15	0  1 2    1.9584  0.665046 
808  307 2  29 141 90 90	 	15	0  1 2    3.7743  0.681135 
809  308 2  29 141 90 90	 	18	0  1 2    4.3984  0.654098 
800  309 1  29 141 90 90   		10 	0  1 2   -1.4729  0.660483 
801  310 1  141 88 90 90		10	0  1 2   -0.0000  1.000000	   
#
902  311 2  29 162 90 90		12	0  1 2   -0.7387  0.643751 
903  312 2  29 162 90 90		14	0  1 2   -3.4164  0.657031 
904  313 2  29 162 90 90		17	0  1 2   -8.6658  0.647199 
905  314 2  29 162 90 90		16	0  1 2   -1.8083  0.642255 
906  315 2  29 162 90 90		20	0  1 2    4.8029  0.642205 
907  316 2  29 162 90 90		15	0  1 2    4.0072  0.649599 
908  317 2  29 162 90 90		14	0  1 2    1.7164  0.622537 
909  318 2  29 162 90 90		12	0  1 2    4.3805  0.659383 
900  319 1  29 162 90 90 		20	0  1 2   -3.1349  0.637246 
901  320 1  29 162 90 90 		20	0  1 2   0.0000 1.000000	
#
1002  321 2  29 175 90 90		16	0  1 2   -0.5453  0.645707  
1003  322 2  29 175 90 90		19	0  1 2    1.2227  0.627829  
1004  323 2  29 175 90 90		14	0  1 2    1.8482  0.644343  
1005  324 2  29 175 90 90		15	0  1 2    0.3372  0.643323  
1006  325 2  29 175 90 90		15	0  1 2   -0.8816  0.627474  
1007  326 2  29 175 90 90		15	0  1 2    0.7228  0.667107  
1008  327 2  29 175 90 90		15	0  1 2    5.2535  0.650623  
1009  328 2  29 175 90 90		15	0  1 2    0.3435  0.654040  
1000  329 1  29 175 90 90		11	0  1 2    0.4850  0.632857  
1001  330 1  29 175 90 90		500	0  1 2  -0.0000  1.000000 
#
1102  331 2  29 212 90 90		15	0  1 2   0.9449  0.641370
1103  332 2  29 212 90 90		15	0  1 2  -0.7072  0.633667
1104  333 2  29 212 90 90		15	0  1 2   2.8414  0.653475
1105  334 2  29 212 90 90		15	0  1 2   0.9016  0.643372
1106  335 2  29 212 90 90		15	0  1 2   1.2560  0.648900
1107  336 2  29 212 90 90		15	0  1 2  -0.3769  0.643994
1108  337 2  29 212 90 90		15	0  1 2   3.2842  0.627676
1109  338 2  29 212 90 90		15	0  1 2   2.6707  0.621298
1100  339 1  29 212 90 90		15	0  1 2  -1.2630  0.635122
1101  340 1  29 212 90 90 		10	0  1 2 -0.0000  1.000000
#pulser
815  58 9 29 141 0 0 			10	0  1 2 -0.0000 1.000000
915  59 9 29 162 0 0		 	10	0  1 2 0.0000 1.000000
1015 60 9 29 175 0 0		 	10	0  1 2 0.0000 1.000000
1115 61 9 29 212 0 0 			10	0  1 2 0.0000 1.000000
